OF: 483.67619758731576
lambda: 10.0
OrderedCollections.OrderedDict("nmax0" => 2.77644550815776, "nmax1" => 1.2928314695608571, "nmax2" => 1.0045572112421515, "nmax3" => 2.1000000000000014)
OF: 482.8318052200005
lambda: 1000.0
OrderedCollections.OrderedDict("nmax0" => 2.697345888760228, "nmax1" => 1.2889657624085877, "nmax2" => 1.0001582572306487, "nmax3" => 2.1000000000000014)
OF: 482.82586815096187
lambda: 10000.0
OrderedCollections.OrderedDict("nmax0" => 2.6962266148741376, "nmax1" => 1.2882275346892347, "nmax2" => 1.00005912832287, "nmax3" => 2.1000000000000014)
OF: 482.82577320803824
lambda: 1.0e7
OrderedCollections.OrderedDict("nmax0" => 2.696225985293945, "nmax1" => 1.2882274780446226, "nmax2" => 1.000059122015635, "nmax3" => 2.1000000000000014)
