OF: 3.5084426723873615e6
lambda: 0.001
OrderedCollections.OrderedDict("nmax0" => 26.85024391199644, "nmax1" => 18.072676725496038, "nmax2" => 37.09893126022681, "nmax3" => 18.426980109836684, "krb00" => -2.5658071362326886, "krb01" => -5.296768150410472, "krb02" => -19.634647931717442, "krb03" => -3.2493711041866824, "krb10" => -12.74666317625155, "krb11" => -18.33030393081862, "krb12" => -18.862221501979437, "krb20" => -0.7709147825296299, "krb21" => -8.078833026505801, "krb22" => -16.95430469365006, "cfall00" => 0.04470858904883826, "cfall01" => 0.00016425128846383474, "cfall02" => 0.0016194201517924656, "cfall03" => 0.19144802077913808, "cfall10" => 0.03863892447888122, "cfall11" => 0.12149519739907534, "cfall12" => 0.06193942464856301, "cfall20" => 0.00027279874135667027, "cfall21" => 0.009950641027890922, "cfall22" => 0.008830942124983643, "nfall00" => 0.0016225826991868115, "nfall01" => 1.861451497627082e-7, "nfall02" => 0.028475672256207823, "nfall03" => 2.2008656350819788e-7, "nfall10" => 5.296022407492369e-7, "nfall11" => 0.00046067601019909697, "nfall12" => 0.001798956696217701, "nfall20" => 1.2248445089109956e-7, "nfall21" => 3.2713745115561547e-5, "nfall22" => 1.703652726613016e-7)
OF: 189476.60352348853
lambda: 0.001
OrderedCollections.OrderedDict("nmax0" => 26.85024391199644, "nmax1" => 18.072676725496038, "nmax2" => 37.12461348924535, "nmax3" => 18.426980101305393, "krb00" => -9.158705489147422, "krb01" => -9.330284033052852, "krb02" => -19.628416261844258, "krb03" => -19.92939279131047, "krb10" => -12.744862539278952, "krb11" => -18.316767957607137, "krb12" => -18.823412662738374, "krb20" => -0.668013542404772, "krb21" => -0.19349670411102338, "krb22" => -16.704969088055073, "cfall00" => 0.03127468278665013, "cfall01" => 0.0001422371555644607, "cfall02" => 7.233859629030476e-5, "cfall03" => 0.12067866854264278, "cfall10" => 0.00015731030162619586, "cfall11" => 2.0601343221803644e-5, "cfall12" => 1.5256778300079607e-5, "cfall20" => 0.0003393263879142538, "cfall21" => 0.00844879956454039, "cfall22" => 0.00752048943347241, "nfall00" => 4.061911909779407e-5, "nfall01" => 1.861451497627082e-7, "nfall02" => 0.028475672256207764, "nfall03" => 2.2008656350819788e-7, "nfall10" => 5.296022407492369e-7, "nfall11" => 0.05837714563939364, "nfall12" => 0.0066892186165422906, "nfall20" => 1.2248445089109956e-7, "nfall21" => 2.6476387135334126e-6, "nfall22" => 1.703652726613016e-7)
