OF: 0.002161021454992913
lambda: 1000.0
OrderedCollections.OrderedDict("cmax0" => 381.1905427919935, "cmax1" => 113.93172631206562, "cmax2" => 207.07615930709602, "cmax3" => 93.3126027602342)
OF: 0.002161021454992913
lambda: 1000.0
OrderedCollections.OrderedDict("cmax0" => 381.1905427919935, "cmax1" => 113.93172631206562, "cmax2" => 207.07615930709602, "cmax3" => 93.3126027602342)
