OF: 86.031180525701
lambda: 10.0
OrderedCollections.OrderedDict("nfall00" => 5.116347662641815e-7, "nfall01" => 0.15847513966657786, "nfall02" => 0.0015224326466867343, "nfall03" => 1.853657303119381e-5, "nfall10" => 0.007675971009238239, "nfall11" => 0.015510514876158486, "nfall12" => 0.04124340717340636, "nfall20" => 6.388990302740103e-7, "nfall21" => 5.3977297406783786e-5, "nfall22" => 0.001576657062343386)
OF: 82.57436008396483
lambda: 0.1
OrderedCollections.OrderedDict("nfall00" => 5.116347662641815e-7, "nfall01" => 0.002471715130060827, "nfall02" => 5.413721446121314e-6, "nfall03" => 2.2839422353063977e-5, "nfall10" => 0.007675971009238239, "nfall11" => 0.015510514876158486, "nfall12" => 0.04124340717340636, "nfall20" => 6.388990302740103e-7, "nfall21" => 5.381017782448739e-5, "nfall22" => 0.0026524272639806886)
OF: 79.21279149727877
lambda: 0.0001
OrderedCollections.OrderedDict("nfall00" => 5.116347662641815e-7, "nfall01" => 0.0001752588160451096, "nfall02" => 1.9972725020993577e-5, "nfall03" => 0.053395105314911026, "nfall10" => 0.007675971009238247, "nfall11" => 0.015510514876158486, "nfall12" => 0.04124340717340636, "nfall20" => 6.388990302740103e-7, "nfall21" => 7.098519061918683e-5, "nfall22" => 0.0003681566246621017)
