OF: 2.3738565095568966e7
lambda: 10000.0
OrderedCollections.OrderedDict("cmax0" => 563.1061357767051, "cmax1" => 144.70506823361077, "cmax2" => 161.7063935990021, "cmax3" => 54.37109070828004)
OF: 2.3738565095568966e7
lambda: 2.0e8
OrderedCollections.OrderedDict("cmax0" => 563.1061357767051, "cmax1" => 144.70506823361077, "cmax2" => 161.7063935990021, "cmax3" => 54.37109070828004)
OF: 2.3738565095568966e7
lambda: 4.0e12
OrderedCollections.OrderedDict("cmax0" => 563.1061357767051, "cmax1" => 144.70506823361077, "cmax2" => 161.7063935990021, "cmax3" => 54.37109070828004)
