OF: 6.3976012152961515e7
lambda: 10000.0
OrderedCollections.OrderedDict("cmax0" => 498.47151696259556, "cmax1" => 145.0294488642398, "cmax2" => 127.5109134067771, "cmax3" => 42.43093730918457)
OF: 6.3976012152961515e7
lambda: 2.0e8
OrderedCollections.OrderedDict("cmax0" => 498.47151696259556, "cmax1" => 145.0294488642398, "cmax2" => 127.5109134067771, "cmax3" => 42.43093730918457)
OF: 6.3976012152961515e7
lambda: 2.0e10
OrderedCollections.OrderedDict("cmax0" => 498.47151696259556, "cmax1" => 145.0294488642398, "cmax2" => 127.5109134067771, "cmax3" => 42.43093730918457)
OF: 6.3976012152961515e7
lambda: 4.0e14
OrderedCollections.OrderedDict("cmax0" => 498.47151696259556, "cmax1" => 145.0294488642398, "cmax2" => 127.5109134067771, "cmax3" => 42.43093730918457)
